[0.00842368 0.00971043 0.00255226 0.16588685 0.02561647 0.07704681 0.00076155 0.12848601 0.01388528 0.26144418 0.05197205 0.08554433 0.07587742 0.09279269]
384.3316280356749
[0.01436346 0.02917679 0.29387379 0.01294496 0.22703671 0.06997856 0.06204006 0.02707988 0.06722844 0.01031182 0.08920831 0.00235807 0.08775195 0.00664721]
372.5056402590491
[0.03410583 0.09818198 0.04657252 0.10104662 0.02481968 0.04474726 0.04619724 0.05111173 0.28240736 0.03050961 0.00419881 0.03054634 0.0728225  0.13273253]
383.4966170592742
[0.03317123 0.02124625 0.04039956 0.24802418 0.10167331 0.04426196 0.16000707 0.01891405 0.02629807 0.08637592 0.14089232 0.00981019 0.0408488  0.02807711]
381.5469499631654
[0.13373814 0.09937611 0.08990677 0.04081691 0.03186736 0.00963989 0.09113523 0.04541359 0.0097291  0.12706584 0.23837428 0.04121606 0.03099232 0.0107284 ]
384.7581278341509
[0.0645326  0.00536777 0.20593259 0.04401498 0.07072876 0.0986745 0.0150535  0.10576726 0.01799477 0.05489986 0.04276333 0.12727817 0.02203301 0.12495891]
379.4367672670225
[0.17108654 0.09788602 0.00710719 0.03190623 0.0942107  0.0937212 0.01499248 0.07928472 0.14053282 0.00495177 0.0092451  0.15567777 0.03583422 0.06356325]
377.75130535521174
[0.04115787 0.07197471 0.07826466 0.03290492 0.14450094 0.03976355 0.04753631 0.03981298 0.16324536 0.00956397 0.01446201 0.12533351 0.1666638  0.02481541]
377.13103446909355
[0.02808858 0.01030902 0.01419226 0.02624846 0.01238221 0.08565371 0.26012325 0.0067234  0.00574389 0.07823907 0.02805513 0.02813351 0.35207015 0.06403737]
383.6831832611098
[0.05862954 0.0435151  0.06392744 0.0593841  0.01254911 0.04457653 0.01747145 0.06163462 0.18061914 0.2276732  0.01106747 0.03525083 0.04160605 0.14209542]
384.1723674856178
[0.05424891 0.05875747 0.06309029 0.02960421 0.09178425 0.03612108 0.0546082  0.01320739 0.01685707 0.03987209 0.04231145 0.04134581 0.01014003 0.44805175]
380.3371024274897
[0.070391   0.03464097 0.43164038 0.06432614 0.12204196 0.01908751 0.00647382 0.01930863 0.01124637 0.09254234 0.01647698 0.02284527 0.02000255 0.06897609]
376.6058279021289
[0.01660036 0.04203941 0.01526769 0.05971767 0.12885125 0.22702361 0.29320559 0.01137418 0.06066555 0.0419153  0.0192301  0.00451317 0.02134553 0.0582506 ]
384.3220242805124
[0.00797456 0.03755643 0.0362921  0.00045965 0.00484463 0.1899775 0.01531242 0.42700104 0.01087865 0.01321564 0.0713961  0.15815005 0.01709517 0.00984607]
375.69702749460083
[0.08036302 0.07820741 0.01287126 0.04691867 0.03923306 0.10522751 0.09519691 0.0762423  0.10461927 0.24682467 0.03173954 0.03430062 0.03191888 0.01633687]
384.0546799564191
[0.01088541 0.13142865 0.00989249 0.05695037 0.06160675 0.23087462 0.11309449 0.03858176 0.03832081 0.13824563 0.0629761  0.06608732 0.00640973 0.03464587]
384.92089617750065
[0.01195314 0.18980443 0.17628281 0.01169802 0.03228027 0.01635609 0.11994254 0.03714218 0.00228931 0.00178037 0.16451475 0.08789998 0.04736898 0.10068712]
384.51931995974695
[0.14413746 0.10531144 0.18350535 0.00844233 0.06218627 0.17556759 0.02063992 0.0463844  0.03972531 0.05171007 0.01967446 0.01245732 0.0828091  0.04744898]
382.5894723700269
[0.03934441 0.04186748 0.02887694 0.26415417 0.04818967 0.01589895 0.02325144 0.32959711 0.04292682 0.00826029 0.03588226 0.06175466 0.04711006 0.01288574]
374.21686467478105
[0.0087064  0.02516303 0.03216805 0.0238138  0.35073663 0.00980519 0.01911826 0.02936661 0.24023345 0.16744682 0.06515097 0.01551112 0.00440174 0.00837792]
381.21541287499355
[0.18548319 0.04602088 0.02420039 0.04835613 0.02052975 0.00790808 0.13604199 0.04815053 0.00873022 0.12466243 0.06052958 0.07889687 0.10253553 0.10795444]
380.3452561976575
[1.55584417e-01 6.85543854e-02 3.81826684e-03 5.50681431e-02 1.48683645e-02 5.85343715e-03 5.25530656e-02 8.13772451e-02 1.56450579e-04 1.65892642e-02 1.30136271e-02 8.47259788e-02 4.28963606e-01 1.88737493e-02]
379.70551416556634
[0.15726943 0.04819289 0.04228105 0.05913409 0.02662229 0.00030402 0.09087738 0.1911817  0.03338152 0.02016982 0.22704903 0.07136029 0.00330858 0.02886791]
377.53982570525494
[0.07023947 0.0512578  0.16491245 0.07576628 0.08692383 0.01296151 0.01537548 0.19008974 0.0454822  0.0323965  0.0230622  0.13213317 0.00724045 0.09215893]
376.2324118635395
[0.09453901 0.02067958 0.05461935 0.02388972 0.00186963 0.10728813 0.1077356  0.10693784 0.01440317 0.04326809 0.08889762 0.05313978 0.10372416 0.17900835]
378.75621005872006
[0.04042513 0.04295743 0.00120558 0.01402644 0.01797587 0.05583437 0.00537946 0.14161258 0.01010924 0.32086248 0.0469049  0.12937411 0.04934822 0.12398419]
381.76767569834266
[0.0107296  0.06899564 0.02647356 0.09019449 0.05568448 0.18374471 0.03336658 0.21088249 0.12953662 0.00216178 0.0563876  0.03882523 0.01653964 0.0764776 ]
380.52161559944454
[0.03116185 0.09877831 0.0515088  0.02595963 0.00776469 0.01733726 0.01106926 0.09208969 0.18838588 0.00704121 0.00628113 0.19557949 0.09783543 0.16920736]
377.16201833609665
[0.07942804 0.01198116 0.04699626 0.02209608 0.1219519  0.0196035 0.03752284 0.19838387 0.0257725  0.10450234 0.01592309 0.0130571 0.08195771 0.22082362]
378.469932307273
[0.15603741 0.03615337 0.08959449 0.01333387 0.12027053 0.02227479 0.06989461 0.03398078 0.0194968  0.19664733 0.04506902 0.09971317 0.00827234 0.0892615 ]
379.8587267889053
[0.08900448 0.0184577  0.20371767 0.11439555 0.1058741  0.05911723 0.02186539 0.04929694 0.00786486 0.13139739 0.02263344 0.01063572 0.04780146 0.11793808]
380.4614216020717
[0.05808177 0.00979761 0.04022051 0.11776064 0.0333106  0.13270937 0.02035018 0.13265811 0.12341177 0.03486395 0.04531052 0.15708788 0.06850486 0.02593224]
376.8875100711351
[0.0161021  0.13507751 0.01333393 0.03183234 0.02400245 0.02073414 0.03413028 0.09519796 0.1469652  0.06674483 0.17920695 0.00881858 0.0365248  0.19132894]
383.5610060132003
[0.03990833 0.06830045 0.02046469 0.00373619 0.00957166 0.09538703 0.03577173 0.46433266 0.07104014 0.04923772 0.06080047 0.02614914 0.03828586 0.01701394]
377.1142722174317
[0.06876168 0.01279845 0.00145815 0.13906241 0.02806762 0.26245988 0.21028082 0.14254122 0.02624981 0.02853107 0.03717893 0.01356912 0.01919457 0.00984626]
376.7691520976258
[0.30424985 0.05089377 0.02748907 0.02939129 0.01105432 0.0521894 0.10808987 0.04321923 0.11510647 0.05417931 0.00674434 0.12384052 0.04356738 0.02998517]
377.9868250771558
[0.02432399 0.16358104 0.00793133 0.01526828 0.04726522 0.02357036 0.09519044 0.30675217 0.05196015 0.04789261 0.01023139 0.00333725 0.0452781  0.15741768]
378.380184811875
[0.04384724 0.0041766  0.03815323 0.22906343 0.12695115 0.06748426 0.00528033 0.00045367 0.05205881 0.0577743  0.0497003  0.21117123 0.04665971 0.06722572]
377.6459127241759
[0.11461852 0.00061888 0.08529178 0.08451917 0.00682857 0.0878483 0.0116503  0.15463957 0.05358013 0.01155652 0.11642303 0.14222287 0.06237872 0.06782364]
377.08434122708513
[0.02080564 0.06303326 0.07970205 0.01331163 0.18796653 0.01377336 0.01155807 0.20059663 0.19455064 0.01893172 0.01291145 0.09638241 0.00397828 0.08249833]
376.7300824887614
[0.06465691 0.06733425 0.16360194 0.0143265  0.08820852 0.12359212 0.02871747 0.04506826 0.03474854 0.04889557 0.15271945 0.04360572 0.08134706 0.04317771]
382.5894723700269
[0.03055135 0.0516084  0.06969573 0.02149503 0.13772431 0.00325291 0.02328958 0.1693909  0.12790061 0.00221525 0.00751363 0.30339439 0.04852724 0.00344067]
372.6180520745772
[0.00303372 0.05928629 0.05652421 0.10999948 0.37653092 0.01662538 0.03373628 0.08735277 0.01997563 0.08949205 0.04921534 0.05201667 0.03702578 0.00918549]
377.685289192691
[0.03709315 0.04455702 0.06495149 0.12449742 0.01995744 0.14151384 0.0505652  0.11042059 0.02801799 0.03744748 0.01390768 0.06885528 0.22613048 0.03208492]
376.25776475795556
[0.19297375 0.03112187 0.03018681 0.18146137 0.00799174 0.17887861 0.01142439 0.00218044 0.09326519 0.02329214 0.0647303  0.10052513 0.04519469 0.03677357]
377.1216093805247
[0.02829126 0.31547403 0.01827683 0.01766842 0.02172572 0.08270809 0.06910673 0.00634957 0.04504405 0.06220525 0.12713668 0.17271646 0.00824397 0.02505294]
387.71074429101935
[0.12870401 0.00614523 0.0337977  0.03746099 0.08954693 0.03495678 0.0166498  0.15766902 0.07712754 0.03847558 0.01882908 0.14293318 0.19676091 0.02094325]
377.2549707472332
[0.06485132 0.04065348 0.05113197 0.10223479 0.27536455 0.03127427 0.02179375 0.026446   0.03676349 0.10675981 0.02422526 0.07361838 0.11728699 0.02759594]
377.0200050407307
[0.06299693 0.00177345 0.0196858  0.01341191 0.072385   0.01575116 0.13127753 0.06452317 0.02182578 0.13482936 0.27523702 0.03199867 0.11974029 0.03456394]
384.5742185771054
[0.03247113 0.00653665 0.02648675 0.03238622 0.16532978 0.02562634 0.02363632 0.06738278 0.16509974 0.00291791 0.08909195 0.29416991 0.01831731 0.05054724]
377.19985234802834
[0.02423977 0.0043749  0.01384571 0.09547858 0.16949395 0.04819094 0.04471112 0.09058665 0.05693967 0.06149765 0.04034003 0.31381394 0.01435905 0.02212804]
375.10131794676147
[0.32062236 0.13152584 0.01067049 0.02776713 0.02534588 0.18586362 0.01111852 0.00974493 0.08213704 0.0098359  0.00463155 0.014057 0.04801647 0.11866327]
377.75130535521174
[0.03418338 0.00210783 0.02443777 0.23238088 0.07035223 0.0149235 0.02315497 0.15674677 0.12591824 0.00451378 0.03781365 0.04751647 0.13899976 0.08695076]
375.8560557321608
[0.16545134 0.04723337 0.01369958 0.00768539 0.00076908 0.03142161 0.0057681  0.01070275 0.05521663 0.04028605 0.08123722 0.45826545 0.04534485 0.03691858]
376.2558684358314
[0.23244349 0.01613214 0.06984899 0.22639485 0.03077802 0.05695335 0.01165486 0.01353641 0.20287081 0.00314806 0.01703978 0.03102157 0.02844334 0.05973433]
376.73290430024394
[0.05483039 0.02245884 0.05570869 0.24042294 0.1270189  0.07636209 0.01510714 0.05111791 0.01947644 0.00545337 0.07806192 0.21276182 0.03511669 0.00610286]
376.25776475795556
[0.24581597 0.0834875  0.07127543 0.04080415 0.0120802  0.04538494 0.00875542 0.03482757 0.13032149 0.03271718 0.01592862 0.17110881 0.00832808 0.09916464]
374.98768244902686
[0.06386011 0.00630265 0.13389411 0.09673848 0.0383489  0.12010042 0.02776278 0.15514167 0.06570781 0.00584053 0.00491397 0.09148992 0.18139099 0.00850765]
374.39556648621823
[0.23293215 0.05162485 0.04155845 0.21030118 0.02487743 0.03501056 0.07842742 0.04703676 0.13300548 0.03033809 0.05897794 0.02383879 0.01861469 0.0134562 ]
374.9594907407281
[0.09473396 0.05853862 0.03114385 0.04770473 0.26353698 0.09486916 0.04144923 0.04119274 0.0814087  0.03114348 0.00274376 0.13757541 0.0604641  0.01349528]
376.02753483273835
[0.02695709 0.02300352 0.11758579 0.07373462 0.06987667 0.03004097 0.20703871 0.017771   0.06293018 0.10257094 0.04550771 0.00785636 0.20587795 0.00924849]
377.2360658836944
[5.77664593e-02 1.61551641e-02 6.34451897e-02 8.61281127e-02 1.99817538e-01 3.63532632e-02 6.26822638e-02 1.23489520e-01 6.12264914e-07 2.00593381e-01 3.26474153e-02 1.07330380e-02 3.24278773e-02 7.77601656e-02]
380.08803844131694
[0.07759281 0.08080299 0.04136626 0.02352985 0.03381161 0.13346858 0.05491602 0.15499436 0.10509249 0.01460636 0.00770762 0.21617874 0.01521713 0.04071518]
374.9784237723436
[0.00762079 0.06181388 0.06319209 0.13374609 0.04771679 0.24808975 0.1557411  0.04821989 0.02590011 0.14617536 0.00271793 0.02440164 0.00668744 0.02797713]
384.7581278341509
[0.0784907  0.01895415 0.01909183 0.10360651 0.01903567 0.12208724 0.00659915 0.04168424 0.05417367 0.07174974 0.03095907 0.35750611 0.02003114 0.05603077]
376.25776475795556
[0.07869471 0.00783813 0.02766341 0.07498917 0.0430869  0.17484546 0.00578349 0.17491088 0.00758761 0.03471902 0.08142676 0.12575915 0.14420812 0.01848719]
375.977731940813
[1.02888443e-01 3.10566345e-02 1.01034713e-01 5.91749907e-02 1.74361325e-03 9.01850064e-02 8.99159336e-02 1.94152163e-02 3.06366511e-01 1.18490871e-04 6.35086362e-02 6.54123132e-02 7.13192088e-03 6.20475776e-02]
381.64070498084357
[0.01708454 0.10773899 0.02694353 0.01451274 0.08180549 0.02889795 0.13302074 0.08958423 0.11036062 0.14985004 0.13669791 0.04072475 0.06078253 0.00199595]
383.6582455975584
[0.01335675 0.05314196 0.11603994 0.14565987 0.0039674  0.19603445 0.01011275 0.01988662 0.2533005  0.00931587 0.0221859  0.02294078 0.0180041  0.11605312]
380.20414930316844
[0.12532396 0.05962093 0.06951822 0.0316416  0.22634972 0.03043934 0.01283127 0.00714637 0.10508856 0.03952203 0.02645396 0.07473737 0.03511809 0.1562086 ]
378.5140737035738
[0.09466392 0.02185971 0.08947728 0.19529245 0.103668   0.01855494 0.0146656  0.150688   0.09126719 0.00502472 0.09885151 0.04790864 0.0224318  0.04564624]
374.06936049818404
[0.06792614 0.0332142  0.16612508 0.07394695 0.01897785 0.03624922 0.18313184 0.17310088 0.03670268 0.12730688 0.01400523 0.0208412 0.01298521 0.03548664]
378.2376818293994
[0.00228938 0.02036056 0.08271612 0.07620404 0.02794175 0.02381531 0.0247661  0.02411694 0.01744404 0.14171456 0.26127445 0.00840184 0.14039126 0.14856364]
384.3659432795821
[0.02441671 0.00302666 0.03843138 0.29218006 0.06667717 0.08042684 0.02493383 0.12452673 0.19496888 0.01045194 0.02085112 0.03550693 0.03530204 0.0482997 ]
376.73442779206334
[0.01960905 0.06538067 0.01393074 0.14764187 0.01582903 0.03620287 0.09932892 0.03987241 0.00319414 0.03597753 0.13283956 0.31775221 0.00338547 0.06905555]
376.47813088873903
[0.06700899 0.03756008 0.30565356 0.11290047 0.06193841 0.00564121 0.0753187  0.05203853 0.07513357 0.01378147 0.08352317 0.04140114 0.02261793 0.04548277]
377.50501934454525
[0.0390815  0.0608584  0.08961878 0.05758539 0.2036543  0.02416875 0.01635092 0.00464192 0.14680074 0.02029102 0.0155878  0.02522511 0.26683634 0.02929903]
376.35196441961165
[0.00693687 0.04826919 0.06491263 0.12153332 0.01686881 0.07505363 0.03819117 0.15626382 0.01656936 0.01447889 0.00427507 0.42273252 0.00531368 0.00860105]
374.9784237723436
[0.0265866  0.08637785 0.02878619 0.07861977 0.05482513 0.00567054 0.02938823 0.04098119 0.08055167 0.00361498 0.37732302 0.01369681 0.01211019 0.16146783]
385.6140473329124
[0.00087543 0.11698869 0.04905966 0.08017548 0.0138146  0.0275313 0.10891022 0.10604526 0.09774718 0.00296029 0.00662005 0.28639817 0.05172124 0.05115241]
374.9784237723436
[0.21297546 0.00806967 0.02816075 0.03692991 0.01535937 0.1439109 0.02161847 0.14538445 0.03360008 0.06273148 0.01045785 0.16182029 0.10462036 0.01436096]
377.213337503404
[0.2508714  0.01795868 0.0212576  0.16502101 0.00254952 0.33016477 0.00807689 0.02588873 0.07289475 0.00298992 0.06079716 0.02905994 0.00844198 0.00402765]
376.2771904646724
[0.08910791 0.01297821 0.01275967 0.13858022 0.15576426 0.01838521 0.00690566 0.18799954 0.17112397 0.00145046 0.06106883 0.10436488 0.01353276 0.02597841]
374.0418561794654
[0.01530741 0.13721757 0.08342342 0.08520278 0.02699954 0.00755115 0.00045658 0.31416587 0.04069362 0.03898995 0.00260929 0.10462217 0.03873457 0.10402606]
375.33578077218266
[0.05523214 0.10609652 0.00240313 0.14440626 0.00758841 0.06377396 0.05081974 0.04721645 0.06301133 0.04719212 0.02167103 0.2309382 0.06870907 0.09094164]
376.75010890545605
[0.07626308 0.01995252 0.0179853  0.02881854 0.03200594 0.01290115 0.04188516 0.12796635 0.09034207 0.00766267 0.0108162  0.07289435 0.02393471 0.43657197]
379.94972317230867
[0.1467853  0.00230271 0.34481196 0.03845379 0.0309317  0.02226722 0.12516911 0.05501476 0.04122008 0.0474953  0.03923333 0.04814129 0.04670984 0.0114636 ]
379.23247685480584
[0.00228583 0.05199283 0.03570481 0.0727198  0.10017162 0.08021128 0.04697972 0.08251284 0.09297158 0.02768364 0.1875391  0.10214124 0.02260327 0.09448244]
381.2005985713289
[0.09932042 0.06863672 0.07954655 0.01876531 0.04455855 0.07423324 0.01696955 0.20537819 0.0480568  0.06326112 0.02302896 0.00851592 0.1033024  0.14642626]
378.8189324545774
[0.14139613 0.02910103 0.09374179 0.0058454  0.18659488 0.04513068 0.01959079 0.00225578 0.00761948 0.02056856 0.2194399  0.06464212 0.12120498 0.04286849]
380.4614216020717
[0.05799838 0.01557473 0.04007809 0.04007853 0.01620967 0.13544108 0.00357984 0.15926774 0.01513821 0.00241029 0.07950971 0.24464897 0.17653141 0.01353336]
375.69702749460083
[0.10430803 0.06805689 0.02817194 0.02672503 0.08541161 0.09749073 0.00900548 0.17516431 0.0791271  0.01697254 0.07468793 0.1581744 0.03783476 0.03886927]
374.9784237723436
[0.05104895 0.03386386 0.02118959 0.0186676  0.01814125 0.01058368 0.01888514 0.02290884 0.02347817 0.33041939 0.12455175 0.0325973 0.05495941 0.23870509]
383.25513530151517
[0.11516616 0.02451032 0.07870886 0.03799981 0.01095813 0.12859299 0.04747634 0.04449956 0.08850063 0.23280282 0.07691813 0.03434735 0.0657714  0.01374751]
383.56680232330245
[0.16881409 0.25859176 0.00306995 0.14618451 0.04108391 0.00176339 0.10365046 0.03268449 0.01084677 0.05494482 0.01856874 0.09245271 0.04332849 0.02401593]
378.60485526667
